10000
630
343
847
682
354
860
693
321
977
117
868
414
840
39
817
112
290
282
809
262
590
365
783
149
680
776
965
652
724
717
809
219
190
343
174
731
621
200
648
989
319
37
326
840
505
517
466
905
937
96
964
667
145
233
761
336
68
561
116
239
971
20
464
474
873
220
828
936
337
649
418
257
418
627
114
538
950
611
215
881
761
694
339
751
369
971
961
751
437
617
595
871
613
115
519
799
855
892
81
260
125
645
498
736
835
646
620
913
94
590
285
705
429
102
635
958
358
264
615
263
194
682
53
474
32
893
709
886
482
197
708
696
285
458
346
525
40
728
434
799
113
590
158
384
61
264
355
950
853
740
147
589
504
534
400
866
878
894
484
479
778
485
533
797
778
520
655
751
729
462
373
40
993
299
972
728
40
113
133
985
380
388
820
732
565
959
574
799
271
294
902
468
668
396
777
842
294
540
78
416
527
970
607
413
947
252
108
488
149
109
201
157
447
672
986
938
499
19
703
399
170
843
872
143
610
893
419
251
435
689
313
878
565
959
870
855
860
702
709
363
458
1
314
78
732
787
997
13
684
598
845
57
374
419
400
97
197
72
703
989
719
681
223
394
898
691
399
414
837
261
245
548
465
286
545
68
475
879
743
740
317
28
812
154
527
372
837
993
379
719
180
227
879
23
778
934
700
279
478
777
826
979
61
177
600
276
278
606
144
321
665
58
489
302
267
229
847
117
182
589
825
164
388
596
138
566
193
401
806
233
54
802
105
213
880
224
87
362
197
196
478
168
192
200
384
448
685
831
687
150
576
891
928
899
909
38
729
218
198
756
177
319
319
281
785
882
179
256
383
529
441
725
503
22
294
178
987
608
554
887
945
292
720
754
244
158
498
777
235
470
984
202
203
595
592
283
128
308
390
170
765
509
166
275
11
943
925
361
463
567
688
451
747
991
412
364
164
256
256
495
249
643
270
185
285
297
311
438
269
343
439
631
954
444
177
54
683
175
386
365
685
84
534
316
206
60
402
190
619
242
558
560
788
183
331
106
22
801
3
719
491
494
13
410
975
520
304
707
701
242
654
664
693
444
577
601
178
387
957
327
698
889
299
30
586
873
160
283
226
967
371
606
81
402
530
418
214
223
709
123
179
679
639
758
187
980
741
67
14
50
242
634
899
259
141
195
612
119
978
585
102
723
542
808
380
55
408
458
101
278
542
997
304
782
717
202
686
728
15
435
571
557
650
478
680
915
42
235
730
59
292
432
80
344
26
558
763
273
53
814
462
483
192
617
719
467
379
896
37
189
78
693
366
497
218
412
391
458
180
17
545
308
348
187
27
567
54
406
832
650
725
593
598
533
413
706
230
430
377
52
325
867
893
282
172
829
448
477
954
990
590
214
615
876
850
353
463
261
933
279
163
897
108
671
628
29
784
517
573
320
604
977
577
673
634
717
255
167
714
883
912
863
74
210
351
437
212
952
36
529
936
284
726
285
708
632
818
20
380
143
550
105
528
931
327
481
382
711
754
665
268
59
504
325
372
779
722
527
279
213
662
277
994
260
769
930
458
291
960
708
721
583
29
698
976
433
928
274
525
77
124
945
258
295
147
468
884
137
724
825
63
52
493
292
976
31
69
802
410
42
36
489
355
635
901
803
617
381
200
547
578
970
608
242
713
10
401
303
955
206
707
899
161
890
197
481
929
520
457
788
4
452
275
231
817
180
302
557
234
411
69
232
741
527
307
737
164
691
405
216
903
391
469
789
461
588
902
742
288
111
721
171
24
329
108
571
596
705
807
709
403
600
344
265
856
665
998
978
167
751
63
828
554
387
664
469
353
353
211
842
552
878
704
619
822
213
356
508
232
96
195
991
618
922
170
594
54
771
285
453
56
351
600
55
83
49
632
560
813
336
365
682
537
579
740
677
647
137
402
388
68
411
699
823
755
737
39
206
227
209
288
795
472
856
416
108
671
178
48
434
1
384
686
259
342
538
452
537
147
557
436
78
9
915
948
233
616
361
465
881
461
453
25
377
79
980
317
495
933
410
821
270
630
532
996
93
272
418
682
442
572
502
816
26
287
729
674
25
769
703
754
583
720
578
285
439
834
193
431
959
546
684
302
446
945
233
331
399
759
573
181
848
51
516
551
435
669
530
59
823
863
100
498
291
428
880
313
671
678
739
909
626
122
913
50
188
345
844
550
952
957
61
926
265
550
415
816
292
811
384
206
524
498
437
187
634
93
349
888
752
582
259
522
377
106
99
311
342
684
389
56
191
478
977
282
412
883
812
494
116
543
668
674
508
22
710
441
732
177
611
904
242
533
333
829
298
728
92
129
433
270
550
176
558
191
235
649
643
41
417
476
958
40
884
992
796
831
360
220
821
886
910
750
109
155
791
207
197
954
566
978
814
735
890
800
828
808
205
479
679
181
330
486
249
625
220
306
902
415
648
199
895
903
657
776
635
621
443
860
916
479
331
134
254
392
395
963
652
141
524
564
258
914
866
130
796
73
324
683
146
490
508
38
837
539
27
854
958
209
149
855
778
584
806
314
959
700
217
313
748
785
649
814
530
277
903
763
427
796
708
388
443
64
577
950
640
27
990
109
590
636
196
613
402
540
678
859
375
895
796
65
922
873
828
634
754
183
146
201
865
84
250
871
702
409
811
430
761
8
490
225
187
152
636
342
146
172
923
912
748
946
810
574
788
505
213
371
643
851
550
469
789
811
191
550
434
906
260
286
306
948
154
321
637
750
824
501
795
191
748
412
96
183
693
646
946
892
439
194
18
383
56
473
871
230
723
63
523
229
984
255
361
123
683
467
703
627
559
277
243
13
390
977
675
182
582
264
293
875
363
846
239
207
50
570
832
288
64
986
300
735
220
888
801
71
294
727
733
684
434
153
749
616
4
263
145
558
806
459
449
898
98
389
355
211
688
720
102
138
583
261
212
310
659
23
147
898
810
207
621
355
317
229
119
179
185
996
778
372
280
976
71
431
905
471
730
271
579
836
785
623
269
193
834
947
90
867
172
238
719
272
145
795
422
805
827
382
58
196
219
362
384
794
154
263
667
291
810
851
681
281
356
602
53
443
654
326
633
16
468
416
888
791
658
276
751
501
637
234
495
896
16
426
633
422
585
440
175
919
29
702
291
303
956
982
591
935
816
572
566
859
21
724
703
889
839
674
832
840
334
501
606
465
84
666
601
819
240
46
343
985
120
177
607
716
466
258
460
736
18
665
39
993
917
63
308
650
741
643
632
267
652
78
45
552
826
420
271
604
315
860
525
966
801
405
563
882
670
699
872
523
606
207
121
83
205
109
698
115
13
154
453
391
891
303
598
762
812
739
717
172
724
627
280
615
17
622
545
364
125
219
35
318
940
870
185
462
542
64
429
702
432
367
467
188
723
75
634
582
280
505
592
139
676
642
928
883
62
447
785
453
711
132
246
582
304
380
655
936
798
49
295
772
978
6
205
56
149
954
427
614
416
579
760
845
642
718
379
95
480
839
422
925
161
981
516
366
739
40
169
485
348
181
523
333
800
583
847
179
288
3
491
975
919
993
655
118
39
394
784
378
266
668
667
185
678
366
958
986
966
420
482
279
889
221
556
460
196
307
379
365
716
59
768
610
187
825
852
746
775
64
525
561
28
396
902
860
100
465
334
450
22
555
653
37
573
789
791
716
344
838
753
122
620
713
827
652
724
701
680
321
106
359
670
217
199
116
501
611
220
878
155
18
636
254
557
131
207
284
593
32
715
18
743
507
711
761
740
798
650
887
424
209
743
845
593
140
305
47
722
820
363
120
179
202
240
492
130
216
21
638
397
261
440
873
216
859
875
39
808
139
657
766
426
45
735
531
416
427
473
965
326
368
167
635
417
963
540
903
554
402
922
336
137
623
379
577
439
560
951
431
462
859
24
933
577
240
406
252
38
885
163
881
813
912
770
909
479
403
845
325
202
100
573
799
468
273
399
312
377
320
8
662
50
757
105
458
436
532
863
160
902
646
870
545
312
751
211
920
181
860
879
383
590
640
46
16
618
298
815
459
5
582
696
494
189
60
366
322
175
93
567
853
655
643
30
796
683
452
270
742
648
767
667
121
229
608
245
83
252
53
264
147
76
951
460
574
518
150
633
320
977
148
850
465
764
601
213
500
721
287
307
347
56
549
24
440
896
217
822
149
83
195
740
189
67
353
779
979
195
406
250
17
538
744
370
983
251
914
537
54
32
210
540
559
308
130
825
503
88
89
786
308
581
966
924
103
766
860
372
618
157
137
501
384
247
90
793
412
178
720
90
558
670
642
82
930
930
154
862
762
652
499
659
813
734
591
223
456
527
428
918
14
759
218
976
35
778
807
618
188
509
110
363
326
267
484
599
676
170
370
205
838
440
544
438
669
197
885
756
301
381
927
510
303
38
986
494
748
872
73
441
602
83
337
302
120
926
357
289
436
42
849
590
913
354
266
91
287
857
657
680
235
828
24
302
27
430
311
37
112
47
516
703
90
466
686
504
940
689
999
542
196
498
677
726
507
918
994
131
689
806
323
514
429
180
899
897
538
124
144
219
878
829
115
159
432
261
387
187
473
722
878
589
560
372
266
593
181
861
476
382
454
258
645
238
389
647
902
90
872
269
536
468
394
995
392
424
437
579
819
131
784
641
601
681
258
904
607
592
126
426
497
759
367
14
967
480
303
393
266
213
231
900
373
944
317
420
114
725
508
242
912
193
573
673
167
731
626
579
157
272
291
813
758
397
695
930
877
70
212
971
818
644
18
528
349
449
129
925
49
569
735
392
964
814
759
416
314
148
17
385
293
73
37
967
986
996
678
643
388
427
400
353
692
194
414
112
197
36
110
520
39
718
284
476
854
859
70
568
671
414
494
691
863
566
450
238
751
858
542
834
293
492
497
665
292
555
963
763
95
363
623
842
108
315
582
371
426
557
73
991
401
64
419
429
246
130
565
129
680
237
213
65
402
533
421
346
570
121
469
494
748
102
27
80
608
93
818
851
742
517
688
389
127
444
481
264
273
135
534
901
449
70
274
561
781
180
8
941
208
304
854
274
185
437
930
281
910
55
969
737
48
848
62
853
16
339
582
482
793
974
741
714
114
0
220
201
306
56
964
804
906
364
384
266
770
945
370
797
471
801
22
164
607
74
469
720
789
157
811
390
783
941
34
385
589
787
521
349
792
633
675
313
672
36
175
225
243
394
89
711
798
444
754
930
219
206
252
514
148
618
500
312
597
364
540
841
863
133
13
562
969
135
759
189
783
87
563
187
557
750
255
669
24
647
912
278
598
230
232
600
442
212
374
802
758
629
777
574
778
159
121
868
232
237
262
592
554
200
370
39
403
24
262
979
56
154
736
660
7
180
524
29
395
948
88
44
217
79
867
905
639
188
964
500
947
924
247
950
501
915
203
754
151
453
233
19
140
216
566
121
800
76
279
670
515
186
484
391
442
17
893
841
864
601
85
450
488
270
171
740
90
203
950
624
671
993
241
243
332
382
856
374
601
881
598
87
870
601
417
892
106
618
137
654
257
830
623
827
428
496
958
720
207
251
158
173
370
578
201
793
137
557
327
763
637
361
274
151
714
558
882
579
69
801
421
886
485
79
8
397
984
409
196
305
698
66
84
71
357
938
739
688
107
760
522
328
332
826
921
707
24
386
386
949
473
89
478
336
198
270
290
89
641
691
448
412
731
145
204
797
560
915
947
827
894
998
668
752
931
715
6
21
532
48
682
338
808
94
950
603
668
765
872
171
674
611
857
96
35
442
325
797
236
514
870
264
874
532
968
816
280
756
142
170
834
682
133
347
916
967
362
933
646
584
214
208
993
201
804
225
357
1
434
388
540
404
830
798
138
321
380
165
626
274
661
908
689
509
846
368
849
569
333
758
268
888
676
943
220
340
35
575
54
204
842
562
726
750
885
742
587
853
136
982
236
147
753
674
501
143
882
900
727
738
149
164
896
826
667
701
41
373
950
876
149
18
26
643
166
872
450
419
858
135
639
610
338
850
735
352
996
433
686
24
958
273
455
350
325
987
342
428
369
545
41
320
881
778
323
303
128
90
840
653
27
697
702
33
828
902
771
942
989
446
766
226
625
2
942
868
596
686
408
515
649
881
94
892
934
252
199
543
749
235
66
410
950
578
5
654
509
744
946
584
365
185
591
917
375
76
230
716
795
470
169
443
386
441
865
137
503
692
37
212
304
518
192
177
488
842
617
454
948
871
914
967
528
715
585
323
76
512
618
850
992
231
761
820
685
355
982
268
973
867
88
840
594
308
634
75
412
586
356
814
358
9
732
560
205
988
957
488
109
125
101
600
794
78
694
959
866
220
827
945
307
91
257
985
842
111
85
733
316
240
85
40
491
870
172
954
976
66
403
786
261
710
129
687
422
124
490
279
855
428
868
978
812
268
675
218
618
717
622
802
963
979
559
778
670
992
832
248
433
918
515
294
694
574
441
829
125
858
377
377
847
449
121
534
179
610
827
951
583
421
761
304
605
9
300
845
107
272
219
422
789
460
711
138
820
374
186
341
146
846
3
192
100
556
2
382
578
365
336
704
282
151
638
93
181
502
475
602
681
865
912
860
465
355
364
715
984
908
157
72
512
977
592
773
630
721
263
353
295
901
86
14
890
328
447
956
226
441
266
694
984
325
222
26
663
633
664
726
788
840
272
949
432
9
549
594
176
886
303
501
606
178
669
794
975
20
293
303
13
315
531
449
409
977
185
106
379
962
605
335
451
860
69
327
831
212
744
913
393
666
947
324
488
356
291
254
7
254
410
65
262
172
182
410
279
820
149
45
666
615
378
684
202
979
843
828
473
221
399
592
690
977
480
469
787
40
936
745
729
412
633
923
572
254
882
772
814
34
633
63
817
453
416
30
307
864
478
824
742
535
158
200
471
644
869
161
917
650
799
305
450
273
913
740
189
374
698
585
167
451
998
775
162
893
994
413
989
346
698
269
49
830
170
667
286
364
293
482
228
553
482
484
195
173
632
680
425
214
896
830
229
883
501
571
385
134
549
92
434
279
769
375
466
918
608
601
215
831
761
461
710
804
623
748
434
645
630
174
601
76
68
319
851
587
846
640
486
255
261
994
43
115
718
642
209
235
858
272
519
147
896
757
215
661
421
335
130
987
618
966
463
160
343
167
768
824
372
156
182
141
560
258
909
180
262
679
298
547
314
5
877
371
45
178
792
896
62
441
243
491
278
364
174
225
40
548
789
586
740
818
67
229
612
599
199
419
837
99
684
277
641
658
720
457
158
179
611
66
393
709
662
298
301
96
772
911
411
420
780
284
48
344
171
680
443
228
397
3
176
918
146
905
263
744
78
197
831
415
19
835
287
293
940
971
929
990
149
435
156
845
964
794
436
990
262
168
768
567
949
186
444
104
858
782
811
956
300
110
268
174
203
827
767
369
645
189
659
531
378
679
490
373
242
837
283
243
663
600
561
612
835
75
904
646
61
421
199
959
637
32
541
901
599
662
956
486
95
180
112
763
218
449
138
988
879
393
611
975
636
486
254
130
103
167
957
76
340
199
360
240
932
422
924
623
11
815
840
954
717
185
545
654
547
754
928
799
375
629
5
723
588
849
790
241
255
396
302
765
622
76
955
200
873
455
713
428
910
254
472
251
185
509
204
371
233
675
721
591
607
500
870
875
364
869
235
248
174
289
860
277
699
488
355
333
504
780
134
887
656
241
240
751
519
266
716
558
962
545
673
529
673
397
887
139
752
713
352
499
945
577
126
766
820
776
431
804
186
749
209
153
807
408
711
238
654
275
25
204
419
961
443
890
396
947
932
507
581
426
577
934
328
97
745
526
191
603
3
824
97
604
328
468
489
122
443
873
534
504
49
388
243
612
298
720
367
276
446
462
532
842
280
751
793
243
169
206
275
727
209
416
661
657
205
850
334
217
224
304
147
234
962
95
565
671
190
194
427
915
598
714
386
448
393
447
314
574
193
443
992
290
515
724
13
383
152
353
510
246
435
751
428
918
453
470
200
931
79
399
464
932
372
548
121
672
477
989
651
762
162
28
226
321
854
632
976
875
571
401
139
452
346
888
543
201
97
973
488
277
773
213
769
689
765
849
109
561
540
871
889
831
494
958
243
767
608
298
295
143
617
513
637
204
385
766
179
282
495
666
962
958
941
121
336
811
252
970
933
383
347
848
165
183
691
851
939
383
470
4
942
818
90
301
496
525
801
324
865
852
57
83
889
647
399
754
101
609
377
14
67
580
396
304
375
119
681
985
888
770
441
131
589
320
946
765
813
638
734
272
200
481
388
465
654
586
229
618
67
870
970
40
805
132
299
662
623
366
565
447
798
461
919
702
626
453
763
343
709
961
764
84
600
718
947
807
273
188
416
878
971
116
305
834
769
778
10
743
462
133
30
402
100
934
7
193
540
996
543
562
464
71
55
36
497
737
521
356
139
567
841
425
431
274
986
240
845
616
222
475
913
494
549
694
47
226
602
41
313
113
410
519
326
180
74
902
629
649
974
905
989
208
22
652
41
550
475
698
821
736
564
879
681
62
550
398
448
387
951
392
843
531
126
365
620
75
49
59
668
981
506
126
276
499
860
95
96
86
770
972
361
446
105
577
596
532
737
780
544
363
369
993
800
758
48
804
848
393
653
263
699
795
984
413
328
905
528
1
563
471
889
54
338
233
213
396
182
165
642
377
752
874
242
378
155
102
798
686
468
487
809
107
4
708
506
719
486
226
950
852
259
498
237
911
269
539
563
637
910
717
287
521
162
936
63
778
929
612
691
914
409
805
203
865
521
369
351
652
349
987
369
755
269
344
312
31
527
11
717
384
953
873
898
796
347
756
250
129
809
674
806
70
615
621
321
348
708
772
532
318
775
527
81
748
848
207
285
430
300
837
341
356
37
684
230
708
344
906
677
185
667
143
737
929
47
202
724
864
429
102
197
414
148
239
56
551
235
447
534
684
298
412
950
372
784
272
324
164
750
360
39
81
225
846
659
634
794
704
586
966
406
135
332
433
697
472
277
59
505
571
12
944
601
956
0
29
592
951
265
325
552
589
614
314
911
628
734
954
15
588
371
110
603
643
469
639
98
952
224
537
803
326
568
758
281
898
998
605
822
952
75
316
953
856
827
378
559
615
488
610
275
134
333
540
853
216
778
459
102
239
670
352
407
95
204
572
964
188
881
374
171
972
877
210
781
139
648
881
115
82
435
221
709
870
32
761
727
699
315
589
815
17
233
709
709
287
515
43
740
984
24
143
77
126
833
427
53
667
732
461
835
487
317
886
165
382
525
64
552
566
486
680
321
366
382
604
684
425
683
820
344
248
745
874
722
495
29
462
461
394
48
244
499
8
115
794
690
355
502
228
120
6
301
974
225
359
443
267
608
266
476
410
371
669
350
173
601
643
481
496
770
417
154
870
645
880
904
542
61
981
706
459
605
759
823
51
822
675
294
125
454
763
721
135
541
662
195
511
563
506
857
489
915
82
62
805
432
77
64
397
675
415
929
637
340
263
741
268
868
985
480
51
478
370
556
323
195
764
688
310
531
809
464
375
830
285
567
335
382
0
177
545
914
111
336
10
800
926
724
884
954
697
768
199
500
436
767
350
167
82
974
548
235
300
781
772
978
352
226
234
831
751
613
188
896
308
389
385
961
520
665
423
435
658
51
109
759
240
256
635
664
493
746
547
528
50
917
588
608
952
4
924
695
618
429
331
385
17
67
536
52
526
477
866
816
659
872
960
324
264
691
786
659
836
820
69
517
322
757
716
296
426
634
77
412
862
895
659
335
705
970
619
283
147
130
539
901
277
304
971
420
568
132
40
660
389
853
735
104
402
180
279
751
766
331
406
269
763
616
210
334
779
67
858
951
613
313
469
795
453
31
54
795
821
136
545
355
835
885
345
399
674
604
224
613
42
770
616
494
216
193
562
893
134
664
183
362
910
889
250
391
17
889
927
816
139
601
716
324
72
146
837
637
125
210
553
155
561
725
959
915
584
16
873
230
800
141
502
370
589
929
920
598
779
693
50
461
107
948
946
930
405
828
352
523
514
764
611
813
161
962
632
231
544
216
924
406
840
253
902
405
534
315
195
195
106
637
844
41
247
643
942
418
845
159
327
246
221
679
227
512
565
747
552
112
815
881
85
339
637
715
796
545
834
344
605
533
745
167
487
132
171
764
324
552
60
657
148
580
438
671
55
436
832
303
247
209
734
972
6
447
413
14
9
12
787
867
29
524
779
262
505
733
611
739
341
699
96
56
982
562
540
536
53
378
473
633
133
392
644
491
821
493
720
786
868
340
479
681
141
597
165
907
740
470
822
963
622
254
176
861
934
155
988
434
86
550
591
820
618
877
610
328
351
147
590
978
958
365
477
728
200
150
736
845
703
678
733
248
644
466
718
349
712
861
72
808
655
478
202
264
101
56
884
839
662
252
14
821
617
862
805
829
993
505
212
100
746
710
251
383
449
28
805
739
900
405
344
547
643
639
46
823
603
742
714
721
895
270
385
124
561
186
848
956
908
600
972
177
904
310
991
913
72
950
541
23
334
311
32
791
863
847
981
772
430
537
344
131
350
9
308
329
7
98
768
306
914
352
254
36
403
834
729
257
347
882
836
972
199
208
489
201
145
548
871
892
337
338
370
811
254
346
899
593
876
624
653
617
690
868
506
548
9
723
178
937
783
106
595
506
705
788
583
748
24
3
814
32
567
699
948
188
149
114
23
984
365
287
149
198
962
269
848
162
360
796
349
275
533
613
571
531
505
354
137
89
316
216
166
868
608
611
373
655
118
156
77
807
4
1
657
545
388
306
264
873
229
818
764
470
289
787
8
114
276
70
709
801
641
674
97
444
180
481
125
127
901
307
78
911
835
351
947
14
714
729
213
464
189
60
151
91
821
564
922
178
7
276
102
688
452
871
496
439
516
59
550
548
81
599
740
790
703
457
232
209
798
977
883
589
456
114
945
382
830
35
19
624
171
11
828
729
950
971
719
631
602
464
912
181
367
189
668
527
939
915
508
738
129
813
185
299
255
19
174
216
837
233
440
619
674
643
216
787
470
70
567
741
308
942
124
915
207
137
249
105
24
643
307
791
755
280
47
791
749
715
344
473
448
954
296
891
634
726
544
566
721
292
457
22
336
68
926
927
471
541
169
629
317
717
762
907
883
655
953
136
214
278
462
495
307
927
447
915
447
450
705
484
683
883
79
623
60
689
633
565
754
654
802
282
61
998
838
209
347
928
661
418
161
605
950
491
661
439
432
985
868
363
506
841
79
594
698
377
756
600
332
52
499
129
857
512
916
158
369
994
267
416
877
770
219
632
460
168
979
376
551
536
667
967
687
20
136
941
129
646
873
657
86
927
545
636
660
705
911
340
532
579
250
323
980
470
539
362
259
117
398
541
742
897
9
818
985
749
733
726
718
226
110
810
856
289
365
218
930
392
841
287
240
955
463
699
352
686
506
132
407
446
730
259
833
426
4
774
97
8
44
0
926
562
652
649
758
966
431
596
715
894
985
573
634
701
916
355
766
923
832
427
513
873
545
31
352
543
726
18
754
730
815
831
273
381
139
200
695
792
312
998
55
57
429
684
976
793
448
526
811
392
530
420
632
705
992
77
670
835
815
450
697
541
437
429
283
378
960
681
119
787
693
466
291
198
846
196
125
917
278
648
199
108
986
995
347
707
892
311
905
553
985
790
884
240
693
730
5
842
879
536
803
728
187
699
802
88
61
710
80
941
551
379
105
87
140
830
935
361
501
139
394
452
798
979
934
520
162
133
276
650
389
464
228
290
499
768
0
457
725
485
939
119
466
516
445
671
263
306
241
1
959
22
574
972
150
512
479
689
954
118
48
542
332
543
604
952
388
104
297
700
284
819
297
695
469
603
222
540
544
413
652
688
986
805
209
618
933
452
166
797
311
792
836
89
184
515
928
166
262
764
199
810
667
662
487
977
234
568
346
206
245
162
427
112
899
592
896
557
121
615
881
883
119
802
367
116
852
327
191
759
342
219
714
161
29
154
952
378
379
321
338
852
73
853
550
612
59
629
592
631
968
203
18
340
143
820
395
848
259
96
109
490
679
292
362
520
346
611
749
825
738
322
260
999
659
75
887
929
892
907
319
825
275
60
528
377
278
194
242
507
175
381
143
0
327
104
962
64
576
256
525
167
398
159
849
247
133
897
220
210
374
497
457
465
732
460
191
677
986
416
172
440
688
573
203
487
33
15
546
38
429
50
464
423
18
582
633
507
841
901
237
606
968
678
940
877
188
574
153
686
35
343
368
734
221
146
60
807
289
720
989
467
70
302
54
663
770
929
848
636
997
706
923
819
228
793
42
568
375
676
257
102
836
946
631
870
192
618
748
734
111
537
338
701
399
245
458
956
19
843
81
973
766
179
824
754
735
0
157
710
828
523
637
172
103
761
683
456
139
117
365
988
276
686
464
263
104
653
280
723
69
927
156
688
218
362
281
905
183
683
524
671
724
845
319
100
991
42
430
482
310
808
167
100
751
304
88
386
512
838
221
332
252
221
964
784
427
165
113
801
248
810
356
326
456
799
250
148
847
255
320
831
555
798
609
425
255
376
532
666
750
761
870
581
676
143
528
291
226
23
280
797
463
121
678
396
145
90
731
455
554
133
525
567
277
199
325
275
801
691
715
791
248
6
852
384
17
948
153
145
620
288
598
338
898
843
338
90
494
305
481
927
124
639
585
39
177
128
604
541
276
56
260
905
589
261
120
528
685
592
953
343
27
464
138
426
173
784
297
251
148
969
304
589
667
207
744
159
411
179
267
870
894
702
207
494
530
643
483
577
342
473
867
728
328
378
462
2
517
282
741
956
107
476
43
878
962
975
744
613
631
84
724
178
173
845
264
672
944
164
897
826
32
872
242
485
751
374
334
990
526
395
774
415
190
512
586
350
908
354
131
130
963
92
262
690
663
303
484
992
976
185
667
936
802
903
414
571
143
477
493
95
40
141
960
578
332
719
843
151
195
171
644
815
116
83
414
453
1
947
953
314
409
534
511
597
495
92
751
184
985
704
461
191
484
242
930
224
452
920
798
947
373
121
786
576
662
930
10
142
950
46
821
46
320
700
574
919
374
604
942
644
438
597
285
958
152
590
660
757
865
158
132
249
238
458
843
21
195
522
214
610
374
23
186
445
694
128
669
432
192
122
888
451
551
821
589
452
350
312
428
498
794
52
234
715
915
848
394
551
351
451
681
659
269
682
860
740
243
424
829
407
695
313
175
158
982
521
975
661
252
467
625
47
655
991
378
865
809
376
401
675
958
508
669
91
104
347
237
412
909
137
386
279
538
98
745
712
526
269
223
203
801
918
369
875
586
615
369
858
15
644
53
113
278
452
748
44
839
180
737
755
733
753
866
984
272
243
512
349
180
550
727
623
9
252
565
540
819
72
176
657
868
430
482
865
592
392
835
569
127
734
229
240
299
523
450
552
233
69
129
940
229
740
544
425
323
37
81
122
847
239
890
271
588
712
678
266
124
436
438
748
195
340
471
701
21
415
575
964
93
620
173
964
346
5
91
708
750
545
711
778
200
235
591
617
834
211
624
56
231
735
487
12
674
271
817
558
849
964
530
987
894
284
782
806
198
206
701
353
508
684
336
6
247
170
799
214
106
17
94
320
215
239
850
111
900
58
603
311
625
144
674
586
723
313
344
275
71
21
508
327
355
920
404
433
35
607
16
881
690
857
747
516
568
976
679
129
853
493
727
971
458
679
200
663
293
837
567
733
903
133
395
785
329
694
232
667
305
542
446
178
186
812
608
367
127
567
200
599
355
118
340
759
893
339
487
739
891
796
475
991
398
201
316
822
681
383
70
41
650
243
383
557
549
901
189
227
226
454
799
727
28
395
596
748
713
311
746
434
744
169
903
111
494
138
719
174
801
627
137
760
506
160
420
408
554
895
699
682
293
821
227
97
281
641
722
971
338
395
407
156
294
820
802
575
240
755
317
374
514
521
730
677
236
283
718
153
89
959
255
540
485
378
0
99
836
381
752
98
250
299
206
395
596
982
914
751
226
533
214
456
971
291
622
276
84
734
869
190
767
332
707
451
840
807
744
872
341
837
778
810
335
324
489
35
549
930
711
986
97
511
21
884
407
394
148
936
52
172
416
536
540
72
327
795
760
179
509
803
471
42
194
88
584
696
315
432
735
864
224
791
634
617
502
671
678
905
434
575
636
297
595
526
779
312
140
136
694
270
219
163
806
689
810
16
843
616
890
392
364
469
673
970
377
365
976
356
528
54
659
649
359
229
132
625
382
131
106
831
813
137
940
376
562
669
250
752
120
981
447
653
47
806
687
783
215
125
725
982
633
198
278
728
377
365
838
790
243
708
11
707
273
366
699
382
235
689
978
193
531
169
686
455
177
723
912
275
918
992
19
29
655
457
687
767
166
482
153
560
46
466
847
657
265
905
939
36
437
667
712
722
118
289
705
904
604
135
268
1
937
237
534
348
818
632
719
49
363
64
554
562
357
490
533
235
561
207
82
684
527
457
163
349
593
400
322
271
137
252
876
42
550
39
844
140
518
171
167
144
813
434
242
497
269
352
887
284
710
738
654
402
208
980
313
479
864
414
520
965
162
999
462
824
984
510
782
171
972
315
442
635
725
307
772
357
287
484
848
626
870
3
913
465
946
903
881
13
240
907
909
105
699
772
426
165
491
510
133
639
397
950
978
811
514
657
68
190
364
305
669
97
434
871
254
184
30
527
452
480
216
126
372
617
620
850
901
531
756
117
139
974
906
758
814
545
231
27
221
243
523
299
455
781
879
285
487
324
322
104
88
13
769
73
825
446
718
393
46
33
684
561
190
929
750
208
60
445
567
138
875
864
219
577
394
942
312
652
264
89
840
527
517
405
350
51
589
253
232
134
6
164
859
492
459
998
682
289
376
476
778
364
716
195
385
392
583
62
779
352
643
669
721
63
58
277
589
680
161
900
121
103
485
25
505
996
717
910
742
94
870
565
318
334
183
332
319
475
948
117
217
625
799
543
11
725
649
493
91
70
908
411
240
362
254
805
492
626
919
962
399
802
360
617
5
353
427
561
131
529
228
365
208
901
40
169
250
749
47
522
248
260
246
596
656
39
98
737
530
423
502
466
18
391
518
502
102
575
968
665
941
902
585
655
658
873
585
245
449
903
308
714
168
774
42
56
160
233
818
440
620
603
784
255
777
437
826
112
950
517
552
334
172
552
907
869
611
750
386
592
972
873
248
974
436
599
667
933
34
648
812
613
131
763
452
756
255
841
382
802
90
693
464
834
278
979
27
51
225
132
395
499
270
226
304
596
845
348
63
735
759
564
551
63
403
653
622
724
195
976
74
203
355
251
951
483
291
5
209
118
452
561
261
912
779
552
904
561
964
381
183
633
290
806
74
754
551
297
651
260
332
476
314
506
580
603
981
904
114
880
426
338
639
761
774
744
46
730
781
860
964
424
509
65
958
424
757
174
274
197
734
175
194
285
677
192
16
518
320
159
125
420
319
779
173
396
886
277
180
627
339
203
27
15
252
67
953
246
335
965
302
511
418
924
625
456
459
300
629
943
129
755
644
360
982
408
844
461
739
542
606
392
621
567
225
31
652
184
50
261
976
697
531
417
950
886
692
54
703
179
655
187
530
806
173
424
255
611
755
441
386
415
645
314
66
659
397
564
560
30
359
938
547
12
898
64
607
595
983
90
515
369
615
249
419
142
982
3
154
698
197
439
643
144
866
584
406
51
399
343
998
165
517
149
193
486
600
601
994
485
789
784
414
637
689
608
317
264
558
681
239
42
379
730
894
738
805
914
995
450
233
103
405
181
477
313
708
371
528
391
819
404
832
769
537
577
672
34
1
800
55
225
543
118
628
389
652
530
309
998
809
73
498
958
315
138
327
726
526
397
692
877
944
812
965
976
221
615
849
643
75
260
871
436
359
177
877
571
124
778
711
634
9
112
309
656
573
786
576
619
763
447
130
786
757
25
562
203
847
915
755
26
762
472
674
193
855
467
595
266
821
603
227
198
409
325
962
430
985
349
545
488
123
622
538
286
989
166
184
617
655
612
128
652
787
889
68
430
359
517
605
171
814
697
205
273
756
707
755
484
162
835
264
669
746
430
72
101
483
226
955
921
460
113
718
501
3
874
414
521
67
622
597
633
54
740
481
818
496
250
616
980
553
886
315
495
228
981
184
316
251
749
636
961
624
479
989
433
262
351
515
359
370
223
561
358
764
803
314
404
326
770
541
290
16
103
294
696
377
825
606
169
170
790
821
402
611
382
289
134
278
175
417
544
990
644
782
80
891
955
163
903
374
561
636
13
534
160
183
115
78
970
729
964
884
679
800
362
909
354
332
40
143
423
50
640
702
567
292
617
950
458
944
374
132
141
712
882
536
632
843
490
879
422
846
395
764
496
952
837
944
584
726
787
176
556
612
665
664
999
135
158
420
615
194
167
206
949
520
605
327
166
382
974
38
733
107
246
585
96
606
412
471
468
47
240
148
505
71
819
382
712
960
100
343
737
733
61
472
54
329
351
740
580
937
841
496
407
887
467
771
720
917
447
938
296
980
797
715
247
744
865
586
694
359
472
334
677
676
650
779
694
194
400
535
568
928
279
958
163
608
866
637
68
471
200
376
439
917
824
602
481
773
902
370
399
847
370
942
84
330
647
148
927
64
710
528
490
375
508
625
547
583
495
691
370
526
108
887
415
110
29
901
941
799
193
450
327
244
812
506
92
88
670
260
579
449
73
589
655
339
102
847
296
231
239
851
135
475
910
194
110
594
757
186
364
726
569
89
698
608
776
435
464
780
43
282
181
365
981
292
92
778
941
825
440
368
957
503
354
380
762
915
445
340
640
857
827
453
912
822
998
945
354
707
353
892
559
662
794
545
999
163
204
287
513
944
81
126
530
751
596
188
142
72
711
899
424
554
105
731
763
643
393
449
638
613
439
655
785
179
410
783
46
607
321
917
75
882
132
376
114
315
411
391
433
665
522
643
161
194
266
105
483
466
835
492
10
848
752
919
857
333
839
22
927
31
658
840
546
188
254
625
174
479
405
488
14
176
151
37
653
375
70
954
670
395
926
391
389
390
575
958
497
325
534
576
661
342
82
824
958
715
781
577
367
343
595
909
523
636
483
736
496
154
337
225
4
58
337
471
967
756
540
196
429
33
311
788
442
411
873
309
829
210
512
281
411
374
250
225
441
51
804
651
495
695
897
346
421
448
121
535
184
7
349
237
836
785
276
924
875
731
74
777
92
961
774
795
887
656
527
316
576
220
330
750
91
1
595
86
281
995
885
270
917
550
200
958
532
799
248
184
299
419
903
658
821
752
804
859
595
852
744
948
536
875
35
486
82
247
453
644
883
240
97
33
381
660
870
57
210
931
442
376
370
965
985
248
182
255
819
442
201
901
562
856
24
917
533
594
372
654
284
329
57
710
424
829
664
315
760
208
528
251
410
327
522
520
598
834
690
761
235
160
17
101
312
164
16
407
932
478
737
297
243
889
838
465
782
6
956
765
613
350
53
93
418
798
177
299
915
453
510
974
873
228
139
697
557
737
569
598
742
564
238
139
790
763
238
288
899
439
896
772
240
759
682
170
650
331
581
980
328
361
315
491
429
333
989
916
360
48
724
240
788
150
573
485
573
488
722
381
156
347
945
771
119
529
16
232
428
391
662
349
734
779
973
231
756
850
678
790
829
763
300
330
780
137
709
4
800
859
416
426
12
893
449
887
480
366
582
997
385
48
623
113
958
265
30
80
101
904
23
933
635
612
751
549
4
757
899
873
418
771
925
192
110
664
84
462
388
75
727
347
462
457
97
780
60
26
624
621
988
763
924
554
346
853
843
728
293
532
511
585
108
879
553
88
972
986
52
210
321
445
874
510
100
631
662
570
178
848
926
912
121
13
981
932
15
436
479
143
505
519
584
565
332
526
530
599
108
538
111
161
892
457
416
29
709
862
53
716
599
903
740
467
647
359
836
336
320
770
199
460
9
705
672
816
97
514
199
477
649
297
797
212
820
399
36
319
114
840
964
870
569
35
270
16
889
705
887
166
16
659
767
359
974
557
601
623
59
148
809
890
935
410
229
146
663
861
954
247
380
61
521
561
621
421
383
106
709
670
571
805
298
180
611
984
44
137
870
51
718
321
600
123
927
210
835
736
21
446
272
887
646
46
308
884
773
258
98
97
126
221
87
144
180
204
72
246
473
280
492
294
134
888
565
205
832
559
463
459
509
768
216
992
385
844
621
559
275
959
810
421
44
793
74
360
47
924
954
670
134
730
125
843
930
746
75
158
377
525
774
816
995
631
600
124
691
331
499
254
906
14
545
808
948
570
303
139
95
743
999
869
167
533
980
963
622
521
217
898
948
868
52
958
241
509
816
600
334
92
72
249
951
559
296
310
640
722
44
195
91
462
282
647
639
289
33
121
214
421
285
112
629
565
129
565
6
719
130
47
583
731
139
423
473
946
264
606
950
678
462
792
482
752
259
965
955
166
381
487
917
67
479
702
778
846
627
496
466
283
41
979
537
546
167
832
116
819
588
344
909
357
161
418
940
689
854
238
226
759
607
60
939
618
340
31
832
11
783
244
462
752
90
539
846
875
638
510
467
801
38
583
851
433
952
712
739
812
487
117
986
631
709
120
883
451
126
901
361
29
751
929
600
411
639
316
143
30
270
109
749
98
681
707
404
359
528
85
595
380
90
818
963
394
839
389
794
273
572
551
717
403
447
762
158
954
585
65
511
521
853
758
935
259
855
568
466
675
748
810
675
247
912
228
178
126
315
276
636
494
738
677
981
342
483
644
431
581
620
252
597
646
872
321
161
996
983
530
740
276
555
909
715
633
308
464
184
179
137
247
931
873
498
333
989
778
45
17
190
817
301
203
511
911
868
316
801
131
620
177
59
803
671
80
436
45
897
858
116
102
591
108
220
475
707
278
994
383
231
499
937
551
782
489
33
370
527
25
415
664
65
933
578
373
262
11
285
698
774
96
363
720
832
58
872
812
389
273
321
484
394
486
282
419
759
779
488
126
221
182
292
594
173
512
367
76
518
328
890
922
741
764
129
23
859
110
770
313
884
856
870
277
150
474
946
847
38
708
745
952
206
286
354
161
880
209
823
601
735
323
852
389
386
986
490
714
259
143
319
815
860
975
416
463
827
709
142
43
690
148
361
520
294
104
428
725
18
621
390
603
434
381
161
342
196
132
518
15
34
656
592
467
775
286
717
260
999
920
504
482
377
910
66
434
662
785
941
702
99
239
165
963
792
694
90
91
913
142
599
787
268
174
961
481
68
977
633
247
86
319
796
465
205
218
430
278
711
980
327
682
599
207
451
104
33
347
191
456
840
554
45
497
405
143
565
679
720
656
104
334
791
199
664
962
676
371
412
652
797
922
748
737
267
217
394
802
538
694
80
674
402
646
274
508
871
401
555
566
784
29
708
123
732
413
193
545
120
943
146
510
429
701
8
453
656
610
267
387
682
617
580
24
587
765
372
3
552
943
399
778
102
123
521
325
865
146
102
299
588
47
10
577
151
488
458
952
626
321
543
494
977
251
197
669
527
852
915
509
181
187
28
854
625
684
885
668
784
542
28
396
294
518
144
894
484
592
724
10
996
872
985
177
265
165
566
717
319
41
849
464
74
229
236
511
132
621
492
92
551
488
601
457
598
810
914
198
701
896
560
530
43
411
464
358
276
601
795
365
197
928
32
555
663
615
785
256
900
627
364
913
182
875
49
782
469
245
922
53
1
423
310
935
448
624
148
277
93
783
480
629
484
312
950
87
588
137
867
951
882
566
278
224
47
152
749
437
862
810
889
881
71
579
948
281
755
34
390
517
511
975
419
51
735
289
430
113
739
806
439
527
694
471
306
373
392
706
780
682
966
366
905
852
909
678
803
99
577
271
114
666
327
614
420
979
13
399
940
179
769
15
243
845
140
37
417
244
217
190
91
992
716
909
3
790
252
789
52
973
229
534
101
81
858
69
382
712
294
299
494
810
295
795
465
224
841
595
365
879
287
238
905
258
572
152
22
856
811
386
146
478
34
905
399
494
127
378
926
709
97
82
527
800
438
506
412
234
252
683
109
140
419
896
869
8
713
25
88
602
741
175
973
886
694
253
973
543
299
359
803
939
152
328
184
950
496
217
438
169
768
50
619
994
548
899
886
509
788
341
355
888
894
94
898
377
146
919
955
898
25
754
337
324
446
203
787
394
249
707
321
352
972
264
533
180
363
149
247
995
406
527
389
244
628
232
469
658
214
800
486
735
448
781
197
488
35
524
642
625
840
531
582
579
232
158
917
672
395
537
108
204
29
667
116
132
525
844
446
105
915
221
367
790
30
157
461
46
420
734
406
293
763
284
445
703
556
442
164
546
836
828
3
493
320
92
254
442
97
282
525
27
925
956
438
511
238
181
680
268
652
63
642
314
561
422
945
584
75
789
236
689
261
297
16
573
385
764
720
387
955
599
950
98
285
937
540
476
749
38
892
393
656
698
84
299
254
503
468
531
437
79
301
127
859
511
72
679
686
935
513
180
797
684
664
532
666
687
850
815
41
141
519
978
711
167
354
201
168
252
216
407
302
739
843
763
228
673
103
210
907
784
817
357
719
317
815
481
47
467
752
188
39
3
860
195
623
191
150
227
583
29
99
295
545
218
935
790
587
292
994
353
861
398
764
2
721
218
558
219
643
357
980
733
633
459
968
660
296
794
92
479
785
789
457
357
354
382
733
233
821
46
30
112
706
34
988
229
151
748
560
904
363
768
2
123
14
609
161
944
376
950
657
138
699
682
571
209
206
893
686
380
645
123
523
452
320
419
330
107
946
963
842
401
844
433
486
908
599
418
294
851
440
532
727
343
393
958
649
939
281
730
18
434
821
609
845
604
873
187
245
677
173
749
325
614
627
562
906
284
618
622
435
972
427
567
131
666
724
669
699
812
124
988
780
57
387
764
16
395
569
492
472
994
853
913
170
983
887
489
454
235
118
540
925
642
827
508
32
875
427
362
446
725
70
543
737
43
858
237
975
903
484
73
336
685
544
841
600
18
100
175
936
444
633
405
882
208
231
114
46
87
433
370
760
800
588
476
466
232
162
98
996
154
574
400
307
76
381
381
650
243
156
603
215
82
992
886
774
485
277
663
538
631
450
20
982
422
125
121
687
738
239
393
696
61
979
92
295
984
973
916
980
54
220
821
694
258
730
643
472
196
360
274
398
960
946
295
845
797
878
133
894
294
317
429
31
672
693
578
833
515
128
173
869
775
179
153
866
63
870
649
875
239
849
46
483
131
667
640
423
253
711
233
462
578
833
650
967
186
907
961
925
267
982
388
68
462
743
519
712
984
720
867
89
258
24
120
761
158
348
698
327
745
855
94
394
84
625
520
42
204
527
717
895
627
470
272
384
1
154
416
501
301
814
959
110
671
406
437
859
425
993
770
868
787
923
370
48
646
456
98
16
63
428
462
837
455
472
183
944
918
226
277
646
168
864
201
843
276
919
757
507
120
138
530
625
796
63
16
133
948
868
116
501
641
981
915
820
378
85
669
384
679
95
38
673
881
339
31
224
182
476
350
96
236
768
19
574
686
339
298
138
188
360
35
324
44
740
487
972
594
997
559
741
13
402
460
770
30
366
428
33
774
438
321
174
62
239
20
355
863
377
873
599
842
302
646
159
596
633
837
717
687
592
428
76
240
950
262
381
424
225
786
612
209
180
954
252
88
701
123
529
897
154
122
850
36
104
615
79
46
701
537
546
890
690
295
250
995
327
200
585
439
163
439
183
809
694
384
98
651
459
276
59
929
174
35
169
790
681
441
350
737
757
101
141
874
178
751
464
576
236
280
931
80
866
533
168
273
905
539
46
439
630
748
192
789
124
748
685
671
29
710
684
852
300
541
158
671
95
416
937
928
626
665
502
959
318
513
20
716
543
811
880
184
148
423
72
826
850
549
686
365
495
558
21
838
810
901
577
458
30
655
672
831
755
289
55
593
654
890
989
375
7
900
462
765
945
985
656
996
214
886
797
786
38
415
268
356
30
538
822
67
651
393
668
333
64
363
454
969
556
966
505
826
621
318
766
360
133
260
517
240
690
718
330
53
962
43
813
283
791
798
550
915
178
566
35
176
280
912
968
863
386
638
484
72
567
515
347
117
860
554
680
706
385
214
303
748
78
693
962
240
896
271
848
534
498
660
229
109
76
144
218
636
375
807
328
38
255
914
709
59
118
953
451
645
994
738
316
442
394
149
599
825
12
359
154
771
940
527
271
772
737
314
821
340
503
811
207
683
149
457
474
859
747
646
56
22
370
467
155
707
35
214
24
945
519
702
872
568
127
971
199
440
587
752
711
814
665
749
352
695
400
503
63
864
616
711
539
123
330
471
949
331
585
848
630
486
44
539
598
310
620
951
259
542
242
965
367
145
757
645
515
568
