1000
850
250
245
536
636
271
934
613
137
130
886
682
724
940
637
602
927
772
333
950
815
885
796
784
105
957
157
297
742
706
164
0
642
490
934
492
888
765
229
580
413
321
312
620
175
362
601
892
751
150
157
217
147
451
694
66
888
842
138
426
284
303
197
620
879
561
23
366
26
321
430
973
248
849
851
82
907
261
124
317
10
152
365
869
585
370
522
432
232
466
517
424
613
601
809
682
75
773
285
702
505
202
46
857
19
651
557
48
33
463
954
64
62
385
187
973
753
541
570
674
265
890
652
73
237
984
967
378
737
238
459
945
648
72
113
205
467
606
447
641
671
257
65
883
754
349
200
969
651
546
309
974
253
460
215
93
814
405
927
751
590
561
212
375
802
23
465
898
795
755
482
649
1
167
622
370
485
915
294
696
307
130
275
422
864
79
949
282
532
679
371
53
119
32
268
66
278
554
813
685
870
633
637
298
632
73
614
611
809
110
134
921
548
692
216
94
202
933
250
298
729
914
377
964
411
91
433
312
102
86
186
82
645
868
316
922
205
30
846
766
380
559
231
181
561
335
803
618
368
786
973
839
870
910
559
940
456
510
831
898
688
388
901
829
894
928
343
805
91
626
866
971
815
889
77
605
806
925
18
370
992
899
199
40
839
984
683
530
24
104
39
665
737
547
393
501
26
541
229
955
961
497
411
382
383
945
547
347
969
286
590
827
132
624
749
549
987
11
275
220
697
776
37
211
704
567
654
646
39
6
866
237
764
91
889
9
447
827
492
540
430
186
544
553
640
648
992
817
148
308
611
580
147
545
111
492
977
312
184
127
890
950
707
464
551
841
23
603
15
225
312
185
179
713
867
394
653
308
561
129
365
25
666
181
700
441
327
785
416
900
809
248
397
793
356
73
971
50
574
916
74
934
88
758
74
998
31
459
968
156
462
739
828
169
690
559
750
887
413
364
880
54
707
397
66
9
717
414
127
815
639
944
172
937
881
646
39
835
936
626
110
916
749
185
817
776
83
986
250
952
432
359
618
568
940
252
441
549
896
71
122
913
648
33
360
483
729
800
323
184
388
145
87
446
38
675
605
336
420
193
47
556
353
326
379
294
448
642
754
562
49
473
694
788
210
642
631
198
511
610
643
31
906
428
512
198
930
705
644
582
273
609
759
189
941
561
993
798
286
975
874
277
574
804
981
6
584
821
344
517
294
704
135
668
219
128
459
199
520
4
588
116
396
309
427
214
561
410
720
639
998
771
50
42
372
506
309
792
526
839
504
684
44
608
129
173
448
832
279
216
14
865
350
364
420
945
937
91
670
969
554
32
502
480
505
357
549
346
327
657
692
12
152
979
278
156
88
472
945
446
54
416
470
282
961
979
0
298
461
480
763
215
523
205
452
599
727
512
131
272
265
69
200
262
323
200
930
141
404
960
570
499
517
503
6
765
31
607
163
574
688
159
19
150
95
656
956
318
810
540
341
0
733
825
702
843
526
897
371
649
460
751
410
52
819
811
338
786
66
542
113
500
179
437
111
659
388
707
657
521
547
570
294
136
113
643
48
603
974
309
94
994
575
595
272
573
146
68
539
437
77
778
132
36
89
524
285
495
50
956
53
969
701
179
270
892
246
59
602
989
528
367
283
401
966
65
6
978
717
163
217
910
440
986
948
109
347
527
262
835
876
322
877
492
228
739
497
961
992
8
514
761
714
653
928
882
625
361
396
733
214
268
181
145
654
98
254
931
120
450
748
242
333
7
21
907
387
189
229
123
166
760
495
295
198
112
520
777
699
60
396
161
878
212
75
199
290
795
381
461
429
671
569
26
77
394
552
412
759
927
206
773
843
704
20
105
783
338
378
200
927
914
737
962
250
401
329
20
157
444
214
748
23
215
950
648
531
533
316
418
698
248
789
916
725
247
254
728
539
401
795
697
265
114
561
154
791
439
725
62
325
810
671
520
498
342
431
558
32
353
260
957
0
369
448
251
622
522
7
969
487
834
280
377
165
39
204
401
616
964
481
4
440
672
128
327
915
423
47
432
958
281
939
684
272
415
66
515
589
123
913
553
838
577
386
40
172
440
132
430
935
804
721
4
701
733
724
967
770
338
942
62
278
501
336
67
429
384
70
452
555
115
119
427
844
128
876
972
792
836
850
974
352
415
283
65
331
36
655
974
897
733
916
898
240
517
841
406
583
295
854
500
909
31
186
497
357
871
532
656
501
15
72
81
345
464
503
160
822
215
471
841
949
171
352
597
496
278
24
811
